14
7.5
16
1	12	14
2	14	16
3	12	14
4	10	12
5	10	12
6	14	16
7	10	12
8	14	16
9	14	16
10	8	10
11	10	12
12	8	10
13	12	14
14	12	14
-1
0	0.585083306	1.022444129	0.605058074	1.326870799	0.87029916	1.762404799	0.769445717	0.677818418	0.918745875	0.906226397	1.253025651	1.671882391	2.093101978	1.835572124
0.585083306	0	0.439766407	0.425511062	1.412496686	0.709662974	1.574874401	0.339852303	0.62863189	0.451093704	0.347380966	0.851789594	1.435419917	1.758243918	1.253019333
1.022444129	0.439766407	0	0.735222936	1.666936278	0.921179771	1.628330946	0.497801661	0.930710018	0.469044238	0.165672645	0.796489418	1.459830284	1.664046645	0.813478291
0.605058074	0.425511062	0.735222936	0	0.987361372	0.307561994	1.2124089	0.262840897	0.205989346	0.390599966	0.718731225	0.654129744	1.097588062	1.493276358	1.483097076
1.326870799	1.412496686	1.666936278	0.987361372	0	0.745763063	0.771151066	1.17338562	0.784412861	1.2102561	1.68885529	1.093627572	0.831486523	1.323966622	2.272833347
0.87029916	0.709662974	0.921179771	0.307561994	0.745763063	0	0.907989919	0.43012467	0.203766257	0.469532758	0.949876189	0.505724072	0.803204954	1.230815291	1.568714976
1.762404799	1.574874401	1.628330946	1.2124089	0.771151066	0.907989919	0	1.242781639	1.085937262	1.184027076	1.721455693	0.841374695	0.185478881	0.567300081	1.971138358
0.769445717	0.339852303	0.497801661	0.262840897	1.17338562	0.43012467	1.242781639	0	0.439116985	0.149624929	0.52053982	0.521372139	1.09818089	1.422175407	1.220678926
0.677818418	0.62863189	0.930710018	0.205989346	0.784412861	0.203766257	1.085937262	0.439116985	0	0.535366595	0.923262596	0.684303582	0.995207071	1.4334023	1.649526
0.918745875	0.451093704	0.469044238	0.390599966	1.2102561	0.469532758	1.184027076	0.149624929	0.535366595	0	0.53875345	0.403206587	1.026684999	1.311655998	1.11518538
0.906226397	0.347380966	0.165672645	0.718731225	1.68885529	0.949876189	1.721455693	0.52053982	0.923262596	0.53875345	0	0.908283532	1.560111761	1.796880126	0.939210176
1.253025651	0.851789594	0.796489418	0.654129744	1.093627572	0.505724072	0.841374695	0.521372139	0.684303582	0.403206587	0.908283532	0	0.666558087	0.908480406	1.197579265
1.671882391	1.435419917	1.459830284	1.097588062	0.831486523	0.803204954	0.185478881	1.09818089	0.995207071	1.026684999	1.560111761	0.666558087	0	0.502114415	1.785665989
2.093101978	1.758243918	1.664046645	1.493276358	1.323966622	1.230815291	0.567300081	1.422175407	1.4334023	1.311655998	1.796880126	0.908480406	0.502114415	0	1.756494641
1.835572124	1.253019333	0.813478291	1.483097076	2.272833347	1.568714976	1.971138358	1.220678926	1.649526	1.11518538	0.939210176	1.197579265	1.785665989	1.756494641	0
-1