6
8
14
1	8	10
2	10	12
3	10	12
4	8	10
5	10	12
6	8	10
-1
0	1.176227331	0.357037365	0.427462578	1.658374071	0.455448627	0.794503212
1.176227331	0	0.979188204	1.474444032	1.199028492	0.94286108	0.777504742
0.357037365	0.979188204	0	0.498231441	1.301809192	0.616418719	0.443547249
0.427462578	1.474444032	0.498231441	0	1.645802736	0.882439375	0.876676559
1.658374071	1.199028492	1.301809192	1.645802736	0	1.760273218	0.870291293
0.455448627	0.94286108	0.616418719	0.882439375	1.760273218	0	0.916367888
0.794503212	0.777504742	0.443547249	0.876676559	0.870291293	0.916367888	0
-1