10
7.5
16
1	14	16
2	12	14
3	10	12
4	8	10
5	14	16
6	8	10
7	8	10
8	10	12
9	14	16
10	12	14
-1
0	0.557443261	0.307709843	0.508222461	0.695423484	0.718949735	0.64785254	1.174182296	0.739432991	0.43267414	0.50757879
0.557443261	0	0.643684208	1.000775099	1.209083438	1.225761414	1.201430678	1.620958805	1.069615722	0.96161592	0.590921104
0.307709843	0.643684208	0	0.380527526	0.5925529	0.602707684	0.663645983	0.9778018	1.031445742	0.632356584	0.259939253
0.508222461	1.000775099	0.380527526	0	0.21231851	0.225394189	0.337281555	0.668124795	1.029979467	0.530044079	0.601001322
0.695423484	1.209083438	0.5925529	0.21231851	0	0.034814011	0.253392249	0.524743199	1.101393938	0.595947742	0.803503573
0.718949735	1.225761414	0.602707684	0.225394189	0.034814011	0	0.286326647	0.491490602	1.135943055	0.630225778	0.805905342
0.64785254	1.201430678	0.663645983	0.337281555	0.253392249	0.286326647	0	0.743299901	0.883981466	0.39893496	0.912036896
1.174182296	1.620958805	0.9778018	0.668124795	0.524743199	0.491490602	0.743299901	0	1.621286035	1.119005919	1.095752597
0.739432991	1.069615722	1.031445742	1.029979467	1.101393938	1.135943055	0.883981466	1.621286035	0	0.507432818	1.246737361
0.43267414	0.96161592	0.632356584	0.530044079	0.595947742	0.630225778	0.39893496	1.119005919	0.507432818	0	0.885515869
0.50757879	0.590921104	0.259939253	0.601001322	0.803503573	0.805905342	0.912036896	1.095752597	1.246737361	0.885515869	0
-1