13
7.5
16
1	12	14
2	12	14
3	8	10
4	8	10
5	12	14
6	8	10
7	14	16
8	14	16
9	8	10
10	12	14
11	14	16
12	14	16
13	10	12
-1
0	0.723530412	0.703466237	0.663678586	0.3641482	1.492990613	0.202418923	1.66004312	0.79327023	1.832094312	1.29346323	1.654028058	0.946720779	1.290094018
0.723530412	0	1.366914868	1.184426427	1.028000712	1.915519476	0.592300534	1.375595808	0.973088562	1.596412778	1.87332809	2.080492735	1.095855355	1.127798796
0.703466237	1.366914868	0	0.349419057	0.345102042	0.966049016	0.903593123	1.824210763	0.829034567	1.925205588	0.623250186	1.103296757	0.919540107	1.42577219
0.663678586	1.184426427	0.349419057	0	0.354801625	0.830104291	0.857024372	1.475608349	0.484428287	1.576321006	0.688985169	0.99042362	0.570200324	1.07774961
0.3641482	1.028000712	0.345102042	0.354801625	0	1.171042085	0.566426635	1.666747212	0.686684132	1.802608252	0.931210935	1.326380014	0.818902254	1.27111733
1.492990613	1.915519476	0.966049016	0.830104291	1.171042085	0	1.682696223	1.591970801	0.96355468	1.570927024	0.509724498	0.16570963	0.888832569	1.286753654
0.202418923	0.592300534	0.903593123	0.857024372	0.566426635	1.682696223	0	1.699722528	0.918896675	1.888010144	1.495741487	1.845206618	1.07303834	1.352680564
1.66004312	1.375595808	1.824210763	1.475608349	1.666747212	1.591970801	1.699722528	0	0.998394787	0.232058421	1.915392399	1.701873183	0.910328746	0.399297595
0.79327023	0.973088562	0.829034567	0.484428287	0.686684132	0.96355468	0.918896675	0.998394787	0	1.118611097	1.058998942	1.124969363	0.154413074	0.599102259
1.832094312	1.596412778	1.925205588	1.576321006	1.802608252	1.570927024	1.888010144	0.232058421	1.118611097	0	1.943711996	1.662284374	1.006639719	0.5423913
1.29346323	1.87332809	0.623250186	0.688985169	0.931210935	0.509724498	1.495741487	1.915392399	1.058998942	1.943711996	0	0.582753301	1.058560252	1.553390145
1.654028058	2.080492735	1.103296757	0.99042362	1.326380014	0.16570963	1.845206618	1.701873183	1.124969363	1.662284374	0.582753301	0	1.043839216	1.417145133
0.946720779	1.095855355	0.919540107	0.570200324	0.818902254	0.888832569	1.07303834	0.910328746	0.154413074	1.006639719	1.058560252	1.043839216	0	0.517657578
1.290094018	1.127798796	1.42577219	1.07774961	1.27111733	1.286753654	1.352680564	0.399297595	0.599102259	0.5423913	1.553390145	1.417145133	0.517657578	0
-1