5
7.5
16
1	14	16
2	8	10
3	12	14
4	14	16
5	10	12
-1
0	0.611614108	0.749101043	1.304332018	1.276852608	0.539491236
0.611614108	0	0.140497506	0.85126698	0.885331035	1.049260616
0.749101043	0.140497506	0	0.751780093	0.804283857	1.166009426
1.304332018	0.85126698	0.751780093	0	0.147608116	1.488849878
1.276852608	0.885331035	0.804283857	0.147608116	0	1.40961957
0.539491236	1.049260616	1.166009426	1.488849878	1.40961957	0
-1