9
7.5
14
1	8	10
2	8	10
3	8	10
4	10	12
5	8	10
6	10	12
7	10	12
8	10	12
9	8	10
-1
0	1.564054966	1.512417674	1.451779127	1.339613676	1.605781198	0.59350419	0.942771077	0.493430436	0.208934978
1.564054966	0	0.990368664	1.166938663	2.050002337	0.860121667	1.315694809	0.653055072	1.329168916	1.507464647
1.512417674	0.990368664	0	0.211184874	1.259100437	0.189290002	1.647794366	1.109912753	1.597262263	1.58969903
1.451779127	1.166938663	0.211184874	0	1.053921938	0.399942368	1.663213134	1.191742182	1.601755261	1.554455519
1.339613676	2.050002337	1.259100437	1.053921938	0	1.447302699	1.854561925	1.754334927	1.75793314	1.537653804
1.605781198	0.860121667	0.189290002	0.399942368	1.447302699	0	1.676195145	1.086657882	1.635945797	1.661897898
0.59350419	1.315694809	1.647794366	1.663213134	1.854561925	1.676195145	0	0.674732745	0.101252072	0.396361023
0.942771077	0.653055072	1.109912753	1.191742182	1.754334927	1.086657882	0.674732745	0	0.678528845	0.861299157
0.493430436	1.329168916	1.597262263	1.601755261	1.75793314	1.635945797	0.101252072	0.678528845	0	0.300429791
0.208934978	1.507464647	1.58969903	1.554455519	1.537653804	1.661897898	0.396361023	0.861299157	0.300429791	0
-1